5 0.8984375 0.6640625 0.0302734375 0.0771484375
3 0.7021484375 0.705078125 0.0966796875 0.1845703125
5 0.0283203125 0.8486328125 0.056640625 0.1728515625
3 0.337890625 0.3154296875 0.04296875 0.0712890625
3 0.3212890625 0.3720703125 0.04296875 0.0771484375
5 0.0732421875 0.4013671875 0.0263671875 0.0654296875
3 0.125 0.4228515625 0.056640625 0.107421875
5 0.306640625 0.4609375 0.033203125 0.0771484375
3 0.1669921875 0.505859375 0.0595703125 0.119140625
5 0.4501953125 0.5263671875 0.0263671875 0.0654296875
5 0.6484375 0.568359375 0.0302734375 0.0537109375